7 10 0 8 2 4 1 3 15 12 6 13 5 9 14 11
12 1 9 7 2 8 10 14 3 13 11 6 5 0 15 4
4 7 10 14 9 12 5 1 13 15 3 8 2 0 6 11
11 5 12 9 0 13 8 6 7 1 10 14 4 2 3 15
15 8 5 9 14 0 12 1 13 6 2 3 11 4 7 10
4 6 13 10 3 5 7 1 15 11 9 0 8 12 2 14
8 9 5 3 7 15 11 4 2 12 14 10 13 0 1 6
10 11 4 5 9 3 2 12 15 7 14 8 6 0 1 13
15 5 6 10 0 12 7 2 9 4 14 13 1 11 8 3
4 8 3 13 14 0 5 1 2 9 12 6 7 11 10 15
8 3 14 12 0 10 1 13 6 15 5 7 11 9 4 2
11 6 13 0 10 4 5 14 12 2 3 8 1 7 15 9
2 8 13 0 9 7 10 11 12 3 6 4 15 1 5 14
13 5 10 7 3 0 6 14 2 4 15 11 1 8 12 9
4 1 8 6 12 11 5 14 9 2 0 15 10 7 13 3
13 12 7 14 10 15 9 8 2 3 4 0 11 1 5 6
13 7 10 5 0 12 4 3 8 11 15 6 2 1 9 14
2 14 0 1 7 10 9 4 6 8 15 5 12 13 3 11
7 11 6 0 8 12 2 10 13 15 3 4 5 1 14 9
8 4 6 15 5 10 14 11 2 1 12 0 9 7 3 13
6 11 14 5 3 10 2 4 1 9 15 13 0 8 12 7
15 12 9 8 2 4 5 1 10 13 6 11 0 14 7 3
12 13 0 9 7 4 3 10 1 8 6 5 15 2 11 14
7 4 11 15 2 3 8 13 9 5 1 0 12 14 6 10
8 2 14 1 7 6 5 15 4 12 13 0 10 11 9 3
11 9 12 8 7 14 5 13 15 4 2 1 6 0 10 3
14 2 13 5 8 0 12 10 7 11 6 15 1 3 9 4
3 6 1 11 15 7 2 14 8 5 9 0 4 13 10 12
6 15 11 3 0 10 5 1 8 14 2 13 4 12 7 9
10 6 4 8 14 1 12 5 11 7 0 2 15 13 9 3
9 5 6 2 11 0 7 1 15 10 13 8 4 3 14 12
3 4 6 0 10 11 14 2 13 9 7 15 1 8 5 12
9 5 3 2 0 8 10 6 7 15 12 4 11 1 13 14
7 5 9 0 15 2 4 14 10 1 12 6 11 8 13 3
5 9 0 11 4 6 12 3 14 8 1 10 7 13 15 2
15 2 8 10 14 11 7 1 3 4 0 5 12 6 13 9
12 5 7 9 10 6 8 4 15 13 3 1 0 11 2 14
11 8 13 0 1 15 7 5 14 2 4 3 9 10 6 12
2 8 12 0 11 13 7 4 10 3 1 5 6 15 9 14
11 14 3 8 5 4 12 6 10 1 0 9 7 15 13 2
4 2 11 0 15 8 13 12 5 1 10 3 9 14 6 7
6 1 5 0 14 2 8 10 3 4 7 9 13 15 11 12
8 2 4 0 1 11 14 9 13 7 5 10 15 6 12 3
9 11 1 6 7 12 14 13 15 10 3 4 0 8 5 2
7 13 4 0 10 8 9 11 2 14 1 5 12 6 15 3
14 8 7 13 0 12 6 9 11 1 3 5 2 15 4 10
10 11 15 1 3 7 13 9 5 4 8 0 2 6 14 12
15 5 11 7 13 0 12 1 9 14 10 3 6 4 8 2
10 5 11 9 2 15 14 6 4 13 7 1 0 3 8 12
2 1 3 7 13 8 5 6 4 11 12 9 15 0 14 10
10 13 12 2 4 3 8 14 15 1 0 5 6 7 11 9
2 9 8 0 12 1 5 11 14 7 10 6 3 13 15 4
2 1 0 12 15 4 5 10 7 3 13 14 6 9 8 11
12 2 13 3 7 5 11 1 6 15 9 0 10 8 14 4
10 9 4 15 1 0 11 8 6 7 14 13 12 2 3 5
7 4 12 11 0 2 15 8 13 3 14 1 5 10 6 9
4 15 7 10 0 13 1 14 8 5 6 2 11 12 9 3
1 5 15 9 6 7 4 3 2 10 11 13 0 8 12 14
15 5 7 9 4 8 3 10 13 14 12 0 6 2 11 1
9 10 6 1 5 13 15 11 3 12 8 7 4 0 14 2
10 4 9 11 14 2 8 3 7 13 6 0 15 12 5 1
10 11 15 1 3 7 13 9 5 4 8 0 2 6 14 12
15 5 11 7 13 0 12 1 9 14 10 3 6 4 8 2
10 5 11 9 2 15 14 6 4 13 7 1 0 3 8 12
2 1 3 7 13 8 5 6 4 11 12 9 15 0 14 10
10 13 12 2 4 3 8 14 15 1 0 5 6 7 11 9
2 9 8 0 12 1 5 11 14 7 10 6 3 13 15 4
2 1 0 12 15 4 5 10 7 3 13 14 6 9 8 11
12 2 13 3 7 5 11 1 6 15 9 0 10 8 14 4
10 9 4 15 1 0 11 8 6 7 14 13 12 2 3 5
7 4 12 11 0 2 15 8 13 3 14 1 5 10 6 9
4 15 7 10 0 13 1 14 8 5 6 2 11 12 9 3
1 5 15 9 6 7 4 3 2 10 11 13 0 8 12 14
15 5 7 9 4 8 3 10 13 14 12 0 6 2 11 1
9 10 6 1 5 13 15 11 3 12 8 7 4 0 14 2
10 4 9 11 14 2 8 3 7 13 6 0 15 12 5 1
15 4 10 5 3 0 13 2 11 1 14 7 8 6 12 9
12 10 7 3 15 14 1 6 5 8 2 4 0 11 13 9
10 15 7 12 9 2 6 14 13 3 5 0 4 1 11 8
5 3 0 1 10 6 15 9 2 12 13 11 4 7 14 8
8 11 10 2 0 5 6 13 15 9 3 12 1 4 7 14
2 9 5 4 1 15 10 14 11 8 13 0 12 6 7 3
10 11 3 6 2 14 12 15 4 5 9 8 1 0 13 7
5 8 2 4 15 0 1 12 7 3 6 14 9 13 11 10
13 9 4 14 0 2 3 1 8 5 11 15 12 10 6 7
7 6 0 12 1 2 9 4 3 8 5 14 11 10 15 13
14 8 7 13 0 12 6 9 11 1 3 5 2 15 4 10
10 11 15 1 3 7 13 9 5 4 8 0 2 6 14 12
15 5 11 7 13 0 12 1 9 14 10 3 6 4 8 2
10 5 11 9 2 15 14 6 4 13 7 1 0 3 8 12
2 1 3 7 13 8 5 6 4 11 12 9 15 0 14 10
10 13 12 2 4 3 8 14 15 1 0 5 6 7 11 9
2 9 8 0 12 1 5 11 14 7 10 6 3 13 15 4
2 1 0 12 15 4 5 10 7 3 13 14 6 9 8 11
12 2 13 3 7 5 11 1 6 15 9 0 10 8 14 4
10 9 4 15 1 0 11 8 6 7 14 13 12 2 3 5
7 4 12 11 0 2 15 8 13 3 14 1 5 10 6 9
4 15 7 10 0 13 1 14 8 5 6 2 11 12 9 3
1 5 15 9 6 7 4 3 2 10 11 13 0 8 12 14
15 5 7 9 4 8 3 10 13 14 12 0 6 2 11 1
9 10 6 1 5 13 15 11 3 12 8 7 4 0 14 2
10 4 9 11 14 2 8 3 7 13 6 0 15 12 5 1
15 4 10 5 3 0 13 2 11 1 14 7 8 6 12 9
12 10 7 3 15 14 1 6 5 8 2 4 0 11 13 9
10 15 7 12 9 2 6 14 13 3 5 0 4 1 11 8
5 3 0 1 10 6 15 9 2 12 13 11 4 7 14 8
8 11 10 2 0 5 6 13 15 9 3 12 1 4 7 14
2 9 5 4 1 15 10 14 11 8 13 0 12 6 7 3
10 11 3 6 2 14 12 15 4 5 9 8 1 0 13 7
5 8 2 4 15 0 1 12 7 3 6 14 9 13 11 10
13 9 4 14 0 2 3 1 8 5 11 15 12 10 6 7
7 6 0 12 1 2 9 4 3 8 5 14 11 10 15 13
10 6 5 15 4 2 0 7 12 14 9 8 13 11 1 3
3 13 0 10 11 15 6 5 2 1 14 7 4 9 12 8
11 8 13 15 9 3 10 14 1 7 5 0 12 6 2 4
